(kicad_pcb (version 20171130) (host pcbnew "(5.0.0)")

  (general
    (thickness 1.6)
    (drawings 13)
    (tracks 99)
    (zones 0)
    (modules 14)
    (nets 12)
  )

  (page A4)
  (layers
    (0 F.Cu signal)
    (31 B.Cu signal)
    (32 B.Adhes user)
    (33 F.Adhes user)
    (34 B.Paste user)
    (35 F.Paste user)
    (36 B.SilkS user)
    (37 F.SilkS user)
    (38 B.Mask user)
    (39 F.Mask user)
    (40 Dwgs.User user)
    (41 Cmts.User user)
    (42 Eco1.User user)
    (43 Eco2.User user)
    (44 Edge.Cuts user)
    (45 Margin user)
    (46 B.CrtYd user)
    (47 F.CrtYd user)
    (48 B.Fab user)
    (49 F.Fab user)
  )

  (setup
    (last_trace_width 0.25)
    (user_trace_width 0.2032)
    (user_trace_width 0.3048)
    (user_trace_width 0.381)
    (trace_clearance 0.1524)
    (zone_clearance 0.508)
    (zone_45_only no)
    (trace_min 0.2)
    (segment_width 0.2)
    (edge_width 0.15)
    (via_size 0.762)
    (via_drill 0.381)
    (via_min_size 0.4)
    (via_min_drill 0.3)
    (uvia_size 0.3)
    (uvia_drill 0.1)
    (uvias_allowed no)
    (uvia_min_size 0.2)
    (uvia_min_drill 0.1)
    (pcb_text_width 0.3)
    (pcb_text_size 1.5 1.5)
    (mod_edge_width 0.15)
    (mod_text_size 1 1)
    (mod_text_width 0.15)
    (pad_size 1.524 1.524)
    (pad_drill 0.762)
    (pad_to_mask_clearance 0.2)
    (aux_axis_origin 0 0)
    (visible_elements 7FFFFFFF)
    (pcbplotparams
      (layerselection 0x010fc_ffffffff)
      (usegerberextensions false)
      (usegerberattributes false)
      (usegerberadvancedattributes false)
      (creategerberjobfile false)
      (excludeedgelayer true)
      (linewidth 0.100000)
      (plotframeref false)
      (viasonmask false)
      (mode 1)
      (useauxorigin false)
      (hpglpennumber 1)
      (hpglpenspeed 20)
      (hpglpendiameter 15.000000)
      (psnegative false)
      (psa4output false)
      (plotreference true)
      (plotvalue true)
      (plotinvisibletext false)
      (padsonsilk false)
      (subtractmaskfromsilk false)
      (outputformat 1)
      (mirror false)
      (drillshape 1)
      (scaleselection 1)
      (outputdirectory ""))
  )

  (net 0 "")
  (net 1 GND)
  (net 2 +3V3)
  (net 3 +5V)
  (net 4 /VBUS)
  (net 5 /D+)
  (net 6 /D-)
  (net 7 /UART1_TX)
  (net 8 /UART1_RX)
  (net 9 "Net-(R55-Pad1)")
  (net 10 "Net-(R59-Pad2)")
  (net 11 "Net-(D1-Pad2)")

  (net_class Default "This is the default net class."
    (clearance 0.1524)
    (trace_width 0.25)
    (via_dia 0.762)
    (via_drill 0.381)
    (uvia_dia 0.3)
    (uvia_drill 0.1)
    (add_net +3V3)
    (add_net +5V)
    (add_net /D+)
    (add_net /D-)
    (add_net /UART1_RX)
    (add_net /UART1_TX)
    (add_net /VBUS)
    (add_net GND)
    (add_net "Net-(D1-Pad2)")
    (add_net "Net-(R55-Pad1)")
    (add_net "Net-(R59-Pad2)")
  )

  (module Connector_PinSocket_2.54mm:PinSocket_2x05_P2.54mm_Vertical (layer B.Cu) (tedit 5A19A42B) (tstamp 5C74B1B1)
    (at 160.528 95.8215 90)
    (descr "Through hole straight socket strip, 2x05, 2.54mm pitch, double cols (from Kicad 4.0.7), script generated")
    (tags "Through hole socket strip THT 2x05 2.54mm double row")
    (path /5C687984)
    (fp_text reference J1 (at 2.4765 0 180) (layer B.SilkS)
      (effects (font (size 1 1) (thickness 0.15)) (justify mirror))
    )
    (fp_text value Conn_02x05_Odd_Even (at -1.27 -12.93 90) (layer B.Fab)
      (effects (font (size 1 1) (thickness 0.15)) (justify mirror))
    )
    (fp_line (start -3.81 1.27) (end 0.27 1.27) (layer B.Fab) (width 0.1))
    (fp_line (start 0.27 1.27) (end 1.27 0.27) (layer B.Fab) (width 0.1))
    (fp_line (start 1.27 0.27) (end 1.27 -11.43) (layer B.Fab) (width 0.1))
    (fp_line (start 1.27 -11.43) (end -3.81 -11.43) (layer B.Fab) (width 0.1))
    (fp_line (start -3.81 -11.43) (end -3.81 1.27) (layer B.Fab) (width 0.1))
    (fp_line (start -3.87 1.33) (end -1.27 1.33) (layer B.SilkS) (width 0.12))
    (fp_line (start -3.87 1.33) (end -3.87 -11.49) (layer B.SilkS) (width 0.12))
    (fp_line (start -3.87 -11.49) (end 1.33 -11.49) (layer B.SilkS) (width 0.12))
    (fp_line (start 1.33 -1.27) (end 1.33 -11.49) (layer B.SilkS) (width 0.12))
    (fp_line (start -1.27 -1.27) (end 1.33 -1.27) (layer B.SilkS) (width 0.12))
    (fp_line (start -1.27 1.33) (end -1.27 -1.27) (layer B.SilkS) (width 0.12))
    (fp_line (start 1.33 1.33) (end 1.33 0) (layer B.SilkS) (width 0.12))
    (fp_line (start 0 1.33) (end 1.33 1.33) (layer B.SilkS) (width 0.12))
    (fp_line (start -4.34 1.8) (end 1.76 1.8) (layer B.CrtYd) (width 0.05))
    (fp_line (start 1.76 1.8) (end 1.76 -11.9) (layer B.CrtYd) (width 0.05))
    (fp_line (start 1.76 -11.9) (end -4.34 -11.9) (layer B.CrtYd) (width 0.05))
    (fp_line (start -4.34 -11.9) (end -4.34 1.8) (layer B.CrtYd) (width 0.05))
    (fp_text user %R (at -1.27 -5.08) (layer B.Fab)
      (effects (font (size 1 1) (thickness 0.15)) (justify mirror))
    )
    (pad 1 thru_hole rect (at 0 0 90) (size 1.7 1.7) (drill 1) (layers *.Cu *.Mask)
      (net 1 GND))
    (pad 2 thru_hole oval (at -2.54 0 90) (size 1.7 1.7) (drill 1) (layers *.Cu *.Mask))
    (pad 3 thru_hole oval (at 0 -2.54 90) (size 1.7 1.7) (drill 1) (layers *.Cu *.Mask)
      (net 7 /UART1_TX))
    (pad 4 thru_hole oval (at -2.54 -2.54 90) (size 1.7 1.7) (drill 1) (layers *.Cu *.Mask))
    (pad 5 thru_hole oval (at 0 -5.08 90) (size 1.7 1.7) (drill 1) (layers *.Cu *.Mask)
      (net 8 /UART1_RX))
    (pad 6 thru_hole oval (at -2.54 -5.08 90) (size 1.7 1.7) (drill 1) (layers *.Cu *.Mask))
    (pad 7 thru_hole oval (at 0 -7.62 90) (size 1.7 1.7) (drill 1) (layers *.Cu *.Mask))
    (pad 8 thru_hole oval (at -2.54 -7.62 90) (size 1.7 1.7) (drill 1) (layers *.Cu *.Mask))
    (pad 9 thru_hole oval (at 0 -10.16 90) (size 1.7 1.7) (drill 1) (layers *.Cu *.Mask))
    (pad 10 thru_hole oval (at -2.54 -10.16 90) (size 1.7 1.7) (drill 1) (layers *.Cu *.Mask))
    (model ${KISYS3DMOD}/Connector_PinSocket_2.54mm.3dshapes/PinSocket_2x05_P2.54mm_Vertical.wrl
      (at (xyz 0 0 0))
      (scale (xyz 1 1 1))
      (rotate (xyz 0 0 0))
    )
  )

  (module Capacitor_SMD:C_0805_2012Metric (layer B.Cu) (tedit 5C6C57B9) (tstamp 5C74B16C)
    (at 152.8445 87.361 270)
    (descr "Capacitor SMD 0805 (2012 Metric), square (rectangular) end terminal, IPC_7351 nominal, (Body size source: https://docs.google.com/spreadsheets/d/1BsfQQcO9C6DZCsRaXUlFlo91Tg2WpOkGARC1WS5S8t0/edit?usp=sharing), generated with kicad-footprint-generator")
    (tags capacitor)
    (path /5C49CC52)
    (attr smd)
    (fp_text reference C4 (at 0 1.65 270) (layer B.SilkS)
      (effects (font (size 1 1) (thickness 0.15)) (justify mirror))
    )
    (fp_text value 4.7uF (at 0 -1.65 270) (layer B.Fab)
      (effects (font (size 1 1) (thickness 0.15)) (justify mirror))
    )
    (fp_line (start -1 -0.6) (end -1 0.6) (layer B.Fab) (width 0.1))
    (fp_line (start -1 0.6) (end 1 0.6) (layer B.Fab) (width 0.1))
    (fp_line (start 1 0.6) (end 1 -0.6) (layer B.Fab) (width 0.1))
    (fp_line (start 1 -0.6) (end -1 -0.6) (layer B.Fab) (width 0.1))
    (fp_line (start -0.258578 0.71) (end 0.258578 0.71) (layer B.SilkS) (width 0.12))
    (fp_line (start -0.258578 -0.71) (end 0.258578 -0.71) (layer B.SilkS) (width 0.12))
    (fp_line (start -1.68 -0.95) (end -1.68 0.95) (layer B.CrtYd) (width 0.05))
    (fp_line (start -1.68 0.95) (end 1.68 0.95) (layer B.CrtYd) (width 0.05))
    (fp_line (start 1.68 0.95) (end 1.68 -0.95) (layer B.CrtYd) (width 0.05))
    (fp_line (start 1.68 -0.95) (end -1.68 -0.95) (layer B.CrtYd) (width 0.05))
    (fp_text user %R (at 0 0 270) (layer B.Fab)
      (effects (font (size 0.5 0.5) (thickness 0.08)) (justify mirror))
    )
    (pad 1 smd roundrect (at -0.9375 0 270) (size 0.975 1.4) (layers B.Cu B.Paste B.Mask) (roundrect_rratio 0.25)
      (net 2 +3V3))
    (pad 2 smd roundrect (at 0.9375 0 270) (size 0.975 1.4) (layers B.Cu B.Paste B.Mask) (roundrect_rratio 0.25)
      (net 1 GND))
    (model ${KISYS3DMOD}/Capacitor_SMD.3dshapes/C_0805_2012Metric.wrl
      (at (xyz 0 0 0))
      (scale (xyz 1 1 1))
      (rotate (xyz 0 0 0))
    )
  )

  (module Capacitor_SMD:C_0805_2012Metric (layer B.Cu) (tedit 5C6C5798) (tstamp 5C74B17D)
    (at 152.146 84.2645 180)
    (descr "Capacitor SMD 0805 (2012 Metric), square (rectangular) end terminal, IPC_7351 nominal, (Body size source: https://docs.google.com/spreadsheets/d/1BsfQQcO9C6DZCsRaXUlFlo91Tg2WpOkGARC1WS5S8t0/edit?usp=sharing), generated with kicad-footprint-generator")
    (tags capacitor)
    (path /5C4A4791)
    (attr smd)
    (fp_text reference C3 (at 0 1.65 180) (layer B.SilkS)
      (effects (font (size 1 1) (thickness 0.15)) (justify mirror))
    )
    (fp_text value 0.1uF (at 0 -1.65 180) (layer B.Fab)
      (effects (font (size 1 1) (thickness 0.15)) (justify mirror))
    )
    (fp_text user %R (at 0 0 180) (layer B.Fab)
      (effects (font (size 0.5 0.5) (thickness 0.08)) (justify mirror))
    )
    (fp_line (start 1.68 -0.95) (end -1.68 -0.95) (layer B.CrtYd) (width 0.05))
    (fp_line (start 1.68 0.95) (end 1.68 -0.95) (layer B.CrtYd) (width 0.05))
    (fp_line (start -1.68 0.95) (end 1.68 0.95) (layer B.CrtYd) (width 0.05))
    (fp_line (start -1.68 -0.95) (end -1.68 0.95) (layer B.CrtYd) (width 0.05))
    (fp_line (start -0.258578 -0.71) (end 0.258578 -0.71) (layer B.SilkS) (width 0.12))
    (fp_line (start -0.258578 0.71) (end 0.258578 0.71) (layer B.SilkS) (width 0.12))
    (fp_line (start 1 -0.6) (end -1 -0.6) (layer B.Fab) (width 0.1))
    (fp_line (start 1 0.6) (end 1 -0.6) (layer B.Fab) (width 0.1))
    (fp_line (start -1 0.6) (end 1 0.6) (layer B.Fab) (width 0.1))
    (fp_line (start -1 -0.6) (end -1 0.6) (layer B.Fab) (width 0.1))
    (pad 2 smd roundrect (at 0.9375 0 180) (size 0.975 1.4) (layers B.Cu B.Paste B.Mask) (roundrect_rratio 0.25)
      (net 1 GND))
    (pad 1 smd roundrect (at -0.9375 0 180) (size 0.975 1.4) (layers B.Cu B.Paste B.Mask) (roundrect_rratio 0.25)
      (net 2 +3V3))
    (model ${KISYS3DMOD}/Capacitor_SMD.3dshapes/C_0805_2012Metric.wrl
      (at (xyz 0 0 0))
      (scale (xyz 1 1 1))
      (rotate (xyz 0 0 0))
    )
  )

  (module Package_TO_SOT_SMD:SOT-143 (layer B.Cu) (tedit 5C6C5761) (tstamp 5C74B191)
    (at 159.85 87.1195 180)
    (descr SOT-143)
    (tags SOT-143)
    (path /5C496C9B)
    (attr smd)
    (fp_text reference D2 (at 3.386 0.061 180) (layer B.SilkS)
      (effects (font (size 1 1) (thickness 0.15)) (justify mirror))
    )
    (fp_text value SP0503BAHT (at -0.28 -2.48 180) (layer B.Fab)
      (effects (font (size 1 1) (thickness 0.15)) (justify mirror))
    )
    (fp_text user %R (at 0 0 90) (layer B.Fab)
      (effects (font (size 0.5 0.5) (thickness 0.075)) (justify mirror))
    )
    (fp_line (start -1.2 -1.55) (end 1.2 -1.55) (layer B.SilkS) (width 0.12))
    (fp_line (start 1.2 1.55) (end -1.75 1.55) (layer B.SilkS) (width 0.12))
    (fp_line (start -1.2 1) (end -0.7 1.5) (layer B.Fab) (width 0.1))
    (fp_line (start -0.7 1.5) (end 1.2 1.5) (layer B.Fab) (width 0.1))
    (fp_line (start -1.2 -1.5) (end -1.2 1) (layer B.Fab) (width 0.1))
    (fp_line (start 1.2 -1.5) (end -1.2 -1.5) (layer B.Fab) (width 0.1))
    (fp_line (start 1.2 1.5) (end 1.2 -1.5) (layer B.Fab) (width 0.1))
    (fp_line (start 2.05 1.75) (end 2.05 -1.75) (layer B.CrtYd) (width 0.05))
    (fp_line (start 2.05 1.75) (end -2.05 1.75) (layer B.CrtYd) (width 0.05))
    (fp_line (start -2.05 -1.75) (end 2.05 -1.75) (layer B.CrtYd) (width 0.05))
    (fp_line (start -2.05 -1.75) (end -2.05 1.75) (layer B.CrtYd) (width 0.05))
    (pad 1 smd rect (at -1.1 0.77 270) (size 1.2 1.4) (layers B.Cu B.Paste B.Mask)
      (net 1 GND))
    (pad 2 smd rect (at -1.1 -0.95 270) (size 1 1.4) (layers B.Cu B.Paste B.Mask)
      (net 4 /VBUS))
    (pad 3 smd rect (at 1.1 -0.95 270) (size 1 1.4) (layers B.Cu B.Paste B.Mask)
      (net 5 /D+))
    (pad 4 smd rect (at 1.1 0.95 270) (size 1 1.4) (layers B.Cu B.Paste B.Mask)
      (net 6 /D-))
    (model ${KISYS3DMOD}/Package_TO_SOT_SMD.3dshapes/SOT-143.wrl
      (at (xyz 0 0 0))
      (scale (xyz 1 1 1))
      (rotate (xyz 0 0 0))
    )
  )

  (module Connector_USB:USB_Micro-B_Molex-105017-0001 (layer F.Cu) (tedit 5C6C5766) (tstamp 5C74B1DA)
    (at 158.5595 87.122 90)
    (descr http://www.molex.com/pdm_docs/sd/1050170001_sd.pdf)
    (tags "Micro-USB SMD Typ-B")
    (path /5C4964BB)
    (attr smd)
    (fp_text reference J2 (at 0 -3.1125 90) (layer F.SilkS)
      (effects (font (size 1 1) (thickness 0.15)))
    )
    (fp_text value USB_B_Micro (at 0.3 4.3375 90) (layer F.Fab)
      (effects (font (size 1 1) (thickness 0.15)))
    )
    (fp_text user "PCB Edge" (at 0 2.6875 90) (layer Dwgs.User)
      (effects (font (size 0.5 0.5) (thickness 0.08)))
    )
    (fp_text user %R (at 0 0.8875 90) (layer F.Fab)
      (effects (font (size 1 1) (thickness 0.15)))
    )
    (fp_line (start -4.4 3.64) (end 4.4 3.64) (layer F.CrtYd) (width 0.05))
    (fp_line (start 4.4 -2.46) (end 4.4 3.64) (layer F.CrtYd) (width 0.05))
    (fp_line (start -4.4 -2.46) (end 4.4 -2.46) (layer F.CrtYd) (width 0.05))
    (fp_line (start -4.4 3.64) (end -4.4 -2.46) (layer F.CrtYd) (width 0.05))
    (fp_line (start -3.9 -1.7625) (end -3.45 -1.7625) (layer F.SilkS) (width 0.12))
    (fp_line (start -3.9 0.0875) (end -3.9 -1.7625) (layer F.SilkS) (width 0.12))
    (fp_line (start 3.9 2.6375) (end 3.9 2.3875) (layer F.SilkS) (width 0.12))
    (fp_line (start 3.75 3.3875) (end 3.75 -1.6125) (layer F.Fab) (width 0.1))
    (fp_line (start -3 2.689204) (end 3 2.689204) (layer F.Fab) (width 0.1))
    (fp_line (start -3.75 3.389204) (end 3.75 3.389204) (layer F.Fab) (width 0.1))
    (fp_line (start -3.75 -1.6125) (end 3.75 -1.6125) (layer F.Fab) (width 0.1))
    (fp_line (start -3.75 3.3875) (end -3.75 -1.6125) (layer F.Fab) (width 0.1))
    (fp_line (start -3.9 2.6375) (end -3.9 2.3875) (layer F.SilkS) (width 0.12))
    (fp_line (start 3.9 0.0875) (end 3.9 -1.7625) (layer F.SilkS) (width 0.12))
    (fp_line (start 3.9 -1.7625) (end 3.45 -1.7625) (layer F.SilkS) (width 0.12))
    (fp_line (start -1.7 -2.3125) (end -1.25 -2.3125) (layer F.SilkS) (width 0.12))
    (fp_line (start -1.7 -2.3125) (end -1.7 -1.8625) (layer F.SilkS) (width 0.12))
    (fp_line (start -1.3 -1.7125) (end -1.5 -1.9125) (layer F.Fab) (width 0.1))
    (fp_line (start -1.1 -1.9125) (end -1.3 -1.7125) (layer F.Fab) (width 0.1))
    (fp_line (start -1.5 -2.1225) (end -1.1 -2.1225) (layer F.Fab) (width 0.1))
    (fp_line (start -1.5 -2.1225) (end -1.5 -1.9125) (layer F.Fab) (width 0.1))
    (fp_line (start -1.1 -2.1225) (end -1.1 -1.9125) (layer F.Fab) (width 0.1))
    (pad 6 smd rect (at 1 1.2375 90) (size 1.5 1.9) (layers F.Cu F.Paste F.Mask)
      (net 1 GND))
    (pad 6 thru_hole circle (at -2.5 -1.4625 90) (size 1.45 1.45) (drill 0.85) (layers *.Cu *.Mask)
      (net 1 GND))
    (pad 2 smd rect (at -0.65 -1.4625 90) (size 0.4 1.35) (layers F.Cu F.Paste F.Mask)
      (net 6 /D-))
    (pad 1 smd rect (at -1.3 -1.4625 90) (size 0.4 1.35) (layers F.Cu F.Paste F.Mask)
      (net 4 /VBUS))
    (pad 5 smd rect (at 1.3 -1.4625 90) (size 0.4 1.35) (layers F.Cu F.Paste F.Mask)
      (net 1 GND))
    (pad 4 smd rect (at 0.65 -1.4625 90) (size 0.4 1.35) (layers F.Cu F.Paste F.Mask))
    (pad 3 smd rect (at 0 -1.4625 90) (size 0.4 1.35) (layers F.Cu F.Paste F.Mask)
      (net 5 /D+))
    (pad 6 thru_hole circle (at 2.5 -1.4625 90) (size 1.45 1.45) (drill 0.85) (layers *.Cu *.Mask)
      (net 1 GND))
    (pad 6 smd rect (at -1 1.2375 90) (size 1.5 1.9) (layers F.Cu F.Paste F.Mask)
      (net 1 GND))
    (pad 6 thru_hole oval (at -3.5 1.2375 270) (size 1.2 1.9) (drill oval 0.6 1.3) (layers *.Cu *.Mask)
      (net 1 GND))
    (pad 6 thru_hole oval (at 3.5 1.2375 90) (size 1.2 1.9) (drill oval 0.6 1.3) (layers *.Cu *.Mask)
      (net 1 GND))
    (pad 6 smd rect (at 2.9 1.2375 90) (size 1.2 1.9) (layers F.Cu F.Mask)
      (net 1 GND))
    (pad 6 smd rect (at -2.9 1.2375 90) (size 1.2 1.9) (layers F.Cu F.Mask)
      (net 1 GND))
    (model ${KISYS3DMOD}/Connector_USB.3dshapes/USB_Micro-B_Molex-105017-0001.wrl
      (at (xyz 0 0 0))
      (scale (xyz 1 1 1))
      (rotate (xyz 0 0 0))
    )
  )

  (module Resistor_SMD:R_0805_2012Metric (layer F.Cu) (tedit 5C6C573F) (tstamp 5C74B1EB)
    (at 153.6215 91.567)
    (descr "Resistor SMD 0805 (2012 Metric), square (rectangular) end terminal, IPC_7351 nominal, (Body size source: https://docs.google.com/spreadsheets/d/1BsfQQcO9C6DZCsRaXUlFlo91Tg2WpOkGARC1WS5S8t0/edit?usp=sharing), generated with kicad-footprint-generator")
    (tags resistor)
    (path /5C497DDB)
    (attr smd)
    (fp_text reference R1 (at 2.6647 0.4572) (layer F.SilkS)
      (effects (font (size 1 1) (thickness 0.15)))
    )
    (fp_text value 22.1k (at 0 1.65) (layer F.Fab)
      (effects (font (size 1 1) (thickness 0.15)))
    )
    (fp_text user %R (at 0 0) (layer F.Fab)
      (effects (font (size 0.5 0.5) (thickness 0.08)))
    )
    (fp_line (start 1.68 0.95) (end -1.68 0.95) (layer F.CrtYd) (width 0.05))
    (fp_line (start 1.68 -0.95) (end 1.68 0.95) (layer F.CrtYd) (width 0.05))
    (fp_line (start -1.68 -0.95) (end 1.68 -0.95) (layer F.CrtYd) (width 0.05))
    (fp_line (start -1.68 0.95) (end -1.68 -0.95) (layer F.CrtYd) (width 0.05))
    (fp_line (start -0.258578 0.71) (end 0.258578 0.71) (layer F.SilkS) (width 0.12))
    (fp_line (start -0.258578 -0.71) (end 0.258578 -0.71) (layer F.SilkS) (width 0.12))
    (fp_line (start 1 0.6) (end -1 0.6) (layer F.Fab) (width 0.1))
    (fp_line (start 1 -0.6) (end 1 0.6) (layer F.Fab) (width 0.1))
    (fp_line (start -1 -0.6) (end 1 -0.6) (layer F.Fab) (width 0.1))
    (fp_line (start -1 0.6) (end -1 -0.6) (layer F.Fab) (width 0.1))
    (pad 2 smd roundrect (at 0.9375 0) (size 0.975 1.4) (layers F.Cu F.Paste F.Mask) (roundrect_rratio 0.25)
      (net 4 /VBUS))
    (pad 1 smd roundrect (at -0.9375 0) (size 0.975 1.4) (layers F.Cu F.Paste F.Mask) (roundrect_rratio 0.25)
      (net 9 "Net-(R55-Pad1)"))
    (model ${KISYS3DMOD}/Resistor_SMD.3dshapes/R_0805_2012Metric.wrl
      (at (xyz 0 0 0))
      (scale (xyz 1 1 1))
      (rotate (xyz 0 0 0))
    )
  )

  (module Resistor_SMD:R_0805_2012Metric (layer F.Cu) (tedit 5C6C575B) (tstamp 5C74B1FC)
    (at 152.3365 82.8825 90)
    (descr "Resistor SMD 0805 (2012 Metric), square (rectangular) end terminal, IPC_7351 nominal, (Body size source: https://docs.google.com/spreadsheets/d/1BsfQQcO9C6DZCsRaXUlFlo91Tg2WpOkGARC1WS5S8t0/edit?usp=sharing), generated with kicad-footprint-generator")
    (tags resistor)
    (path /5C497DB9)
    (attr smd)
    (fp_text reference R3 (at -0.0485 -3.8735 90) (layer F.SilkS)
      (effects (font (size 1 1) (thickness 0.15)))
    )
    (fp_text value 47.5k (at 0 1.65 90) (layer F.Fab)
      (effects (font (size 1 1) (thickness 0.15)))
    )
    (fp_line (start -1 0.6) (end -1 -0.6) (layer F.Fab) (width 0.1))
    (fp_line (start -1 -0.6) (end 1 -0.6) (layer F.Fab) (width 0.1))
    (fp_line (start 1 -0.6) (end 1 0.6) (layer F.Fab) (width 0.1))
    (fp_line (start 1 0.6) (end -1 0.6) (layer F.Fab) (width 0.1))
    (fp_line (start -0.258578 -0.71) (end 0.258578 -0.71) (layer F.SilkS) (width 0.12))
    (fp_line (start -0.258578 0.71) (end 0.258578 0.71) (layer F.SilkS) (width 0.12))
    (fp_line (start -1.68 0.95) (end -1.68 -0.95) (layer F.CrtYd) (width 0.05))
    (fp_line (start -1.68 -0.95) (end 1.68 -0.95) (layer F.CrtYd) (width 0.05))
    (fp_line (start 1.68 -0.95) (end 1.68 0.95) (layer F.CrtYd) (width 0.05))
    (fp_line (start 1.68 0.95) (end -1.68 0.95) (layer F.CrtYd) (width 0.05))
    (fp_text user %R (at 0 0 90) (layer F.Fab)
      (effects (font (size 0.5 0.5) (thickness 0.08)))
    )
    (pad 1 smd roundrect (at -0.9375 0 90) (size 0.975 1.4) (layers F.Cu F.Paste F.Mask) (roundrect_rratio 0.25)
      (net 9 "Net-(R55-Pad1)"))
    (pad 2 smd roundrect (at 0.9375 0 90) (size 0.975 1.4) (layers F.Cu F.Paste F.Mask) (roundrect_rratio 0.25)
      (net 1 GND))
    (model ${KISYS3DMOD}/Resistor_SMD.3dshapes/R_0805_2012Metric.wrl
      (at (xyz 0 0 0))
      (scale (xyz 1 1 1))
      (rotate (xyz 0 0 0))
    )
  )

  (module Resistor_SMD:R_0805_2012Metric (layer F.Cu) (tedit 5C6C5755) (tstamp 5C74D5C1)
    (at 150.114 82.8825 270)
    (descr "Resistor SMD 0805 (2012 Metric), square (rectangular) end terminal, IPC_7351 nominal, (Body size source: https://docs.google.com/spreadsheets/d/1BsfQQcO9C6DZCsRaXUlFlo91Tg2WpOkGARC1WS5S8t0/edit?usp=sharing), generated with kicad-footprint-generator")
    (tags resistor)
    (path /5C49B01B)
    (attr smd)
    (fp_text reference R2 (at 0.0485 -4.3815 270) (layer F.SilkS)
      (effects (font (size 1 1) (thickness 0.15)))
    )
    (fp_text value 1k (at 0 1.65 270) (layer F.Fab)
      (effects (font (size 1 1) (thickness 0.15)))
    )
    (fp_line (start -1 0.6) (end -1 -0.6) (layer F.Fab) (width 0.1))
    (fp_line (start -1 -0.6) (end 1 -0.6) (layer F.Fab) (width 0.1))
    (fp_line (start 1 -0.6) (end 1 0.6) (layer F.Fab) (width 0.1))
    (fp_line (start 1 0.6) (end -1 0.6) (layer F.Fab) (width 0.1))
    (fp_line (start -0.258578 -0.71) (end 0.258578 -0.71) (layer F.SilkS) (width 0.12))
    (fp_line (start -0.258578 0.71) (end 0.258578 0.71) (layer F.SilkS) (width 0.12))
    (fp_line (start -1.68 0.95) (end -1.68 -0.95) (layer F.CrtYd) (width 0.05))
    (fp_line (start -1.68 -0.95) (end 1.68 -0.95) (layer F.CrtYd) (width 0.05))
    (fp_line (start 1.68 -0.95) (end 1.68 0.95) (layer F.CrtYd) (width 0.05))
    (fp_line (start 1.68 0.95) (end -1.68 0.95) (layer F.CrtYd) (width 0.05))
    (fp_text user %R (at 0 0 270) (layer F.Fab)
      (effects (font (size 0.5 0.5) (thickness 0.08)))
    )
    (pad 1 smd roundrect (at -0.9375 0 270) (size 0.975 1.4) (layers F.Cu F.Paste F.Mask) (roundrect_rratio 0.25)
      (net 2 +3V3))
    (pad 2 smd roundrect (at 0.9375 0 270) (size 0.975 1.4) (layers F.Cu F.Paste F.Mask) (roundrect_rratio 0.25)
      (net 10 "Net-(R59-Pad2)"))
    (model ${KISYS3DMOD}/Resistor_SMD.3dshapes/R_0805_2012Metric.wrl
      (at (xyz 0 0 0))
      (scale (xyz 1 1 1))
      (rotate (xyz 0 0 0))
    )
  )

  (module Package_DFN_QFN:QFN-24-1EP_4x4mm_P0.5mm_EP2.6x2.6mm (layer F.Cu) (tedit 5C6C5745) (tstamp 5C74B255)
    (at 151.5745 87.503 180)
    (descr "QFN, 24 Pin (http://ww1.microchip.com/downloads/en/PackagingSpec/00000049BQ.pdf (Page 278)), generated with kicad-footprint-generator ipc_dfn_qfn_generator.py")
    (tags "QFN DFN_QFN")
    (path /5C4963B2)
    (attr smd)
    (fp_text reference U2 (at 2.032 -3.302 180) (layer F.SilkS)
      (effects (font (size 1 1) (thickness 0.15)))
    )
    (fp_text value CP2102N-A01-GQFN24 (at 0 3.3 180) (layer F.Fab)
      (effects (font (size 1 1) (thickness 0.15)))
    )
    (fp_line (start 1.635 -2.11) (end 2.11 -2.11) (layer F.SilkS) (width 0.12))
    (fp_line (start 2.11 -2.11) (end 2.11 -1.635) (layer F.SilkS) (width 0.12))
    (fp_line (start -1.635 2.11) (end -2.11 2.11) (layer F.SilkS) (width 0.12))
    (fp_line (start -2.11 2.11) (end -2.11 1.635) (layer F.SilkS) (width 0.12))
    (fp_line (start 1.635 2.11) (end 2.11 2.11) (layer F.SilkS) (width 0.12))
    (fp_line (start 2.11 2.11) (end 2.11 1.635) (layer F.SilkS) (width 0.12))
    (fp_line (start -1.635 -2.11) (end -2.11 -2.11) (layer F.SilkS) (width 0.12))
    (fp_line (start -1 -2) (end 2 -2) (layer F.Fab) (width 0.1))
    (fp_line (start 2 -2) (end 2 2) (layer F.Fab) (width 0.1))
    (fp_line (start 2 2) (end -2 2) (layer F.Fab) (width 0.1))
    (fp_line (start -2 2) (end -2 -1) (layer F.Fab) (width 0.1))
    (fp_line (start -2 -1) (end -1 -2) (layer F.Fab) (width 0.1))
    (fp_line (start -2.6 -2.6) (end -2.6 2.6) (layer F.CrtYd) (width 0.05))
    (fp_line (start -2.6 2.6) (end 2.6 2.6) (layer F.CrtYd) (width 0.05))
    (fp_line (start 2.6 2.6) (end 2.6 -2.6) (layer F.CrtYd) (width 0.05))
    (fp_line (start 2.6 -2.6) (end -2.6 -2.6) (layer F.CrtYd) (width 0.05))
    (fp_text user %R (at 0 0 180) (layer F.Fab)
      (effects (font (size 1 1) (thickness 0.15)))
    )
    (pad 25 smd roundrect (at 0 0 180) (size 2.6 2.6) (layers F.Cu F.Mask) (roundrect_rratio 0.096154)
      (net 1 GND))
    (pad "" smd roundrect (at -0.65 -0.65 180) (size 1.05 1.05) (layers F.Paste) (roundrect_rratio 0.238095))
    (pad "" smd roundrect (at -0.65 0.65 180) (size 1.05 1.05) (layers F.Paste) (roundrect_rratio 0.238095))
    (pad "" smd roundrect (at 0.65 -0.65 180) (size 1.05 1.05) (layers F.Paste) (roundrect_rratio 0.238095))
    (pad "" smd roundrect (at 0.65 0.65 180) (size 1.05 1.05) (layers F.Paste) (roundrect_rratio 0.238095))
    (pad 1 smd roundrect (at -1.9375 -1.25 180) (size 0.825 0.25) (layers F.Cu F.Paste F.Mask) (roundrect_rratio 0.25))
    (pad 2 smd roundrect (at -1.9375 -0.75 180) (size 0.825 0.25) (layers F.Cu F.Paste F.Mask) (roundrect_rratio 0.25)
      (net 1 GND))
    (pad 3 smd roundrect (at -1.9375 -0.25 180) (size 0.825 0.25) (layers F.Cu F.Paste F.Mask) (roundrect_rratio 0.25)
      (net 5 /D+))
    (pad 4 smd roundrect (at -1.9375 0.25 180) (size 0.825 0.25) (layers F.Cu F.Paste F.Mask) (roundrect_rratio 0.25)
      (net 6 /D-))
    (pad 5 smd roundrect (at -1.9375 0.75 180) (size 0.825 0.25) (layers F.Cu F.Paste F.Mask) (roundrect_rratio 0.25)
      (net 2 +3V3))
    (pad 6 smd roundrect (at -1.9375 1.25 180) (size 0.825 0.25) (layers F.Cu F.Paste F.Mask) (roundrect_rratio 0.25)
      (net 2 +3V3))
    (pad 7 smd roundrect (at -1.25 1.9375 180) (size 0.25 0.825) (layers F.Cu F.Paste F.Mask) (roundrect_rratio 0.25)
      (net 2 +3V3))
    (pad 8 smd roundrect (at -0.75 1.9375 180) (size 0.25 0.825) (layers F.Cu F.Paste F.Mask) (roundrect_rratio 0.25)
      (net 9 "Net-(R55-Pad1)"))
    (pad 9 smd roundrect (at -0.25 1.9375 180) (size 0.25 0.825) (layers F.Cu F.Paste F.Mask) (roundrect_rratio 0.25)
      (net 10 "Net-(R59-Pad2)"))
    (pad 10 smd roundrect (at 0.25 1.9375 180) (size 0.25 0.825) (layers F.Cu F.Paste F.Mask) (roundrect_rratio 0.25))
    (pad 11 smd roundrect (at 0.75 1.9375 180) (size 0.25 0.825) (layers F.Cu F.Paste F.Mask) (roundrect_rratio 0.25))
    (pad 12 smd roundrect (at 1.25 1.9375 180) (size 0.25 0.825) (layers F.Cu F.Paste F.Mask) (roundrect_rratio 0.25))
    (pad 13 smd roundrect (at 1.9375 1.25 180) (size 0.825 0.25) (layers F.Cu F.Paste F.Mask) (roundrect_rratio 0.25))
    (pad 14 smd roundrect (at 1.9375 0.75 180) (size 0.825 0.25) (layers F.Cu F.Paste F.Mask) (roundrect_rratio 0.25))
    (pad 15 smd roundrect (at 1.9375 0.25 180) (size 0.825 0.25) (layers F.Cu F.Paste F.Mask) (roundrect_rratio 0.25))
    (pad 16 smd roundrect (at 1.9375 -0.25 180) (size 0.825 0.25) (layers F.Cu F.Paste F.Mask) (roundrect_rratio 0.25))
    (pad 17 smd roundrect (at 1.9375 -0.75 180) (size 0.825 0.25) (layers F.Cu F.Paste F.Mask) (roundrect_rratio 0.25))
    (pad 18 smd roundrect (at 1.9375 -1.25 180) (size 0.825 0.25) (layers F.Cu F.Paste F.Mask) (roundrect_rratio 0.25))
    (pad 19 smd roundrect (at 1.25 -1.9375 180) (size 0.25 0.825) (layers F.Cu F.Paste F.Mask) (roundrect_rratio 0.25))
    (pad 20 smd roundrect (at 0.75 -1.9375 180) (size 0.25 0.825) (layers F.Cu F.Paste F.Mask) (roundrect_rratio 0.25)
      (net 7 /UART1_TX))
    (pad 21 smd roundrect (at 0.25 -1.9375 180) (size 0.25 0.825) (layers F.Cu F.Paste F.Mask) (roundrect_rratio 0.25)
      (net 8 /UART1_RX))
    (pad 22 smd roundrect (at -0.25 -1.9375 180) (size 0.25 0.825) (layers F.Cu F.Paste F.Mask) (roundrect_rratio 0.25))
    (pad 23 smd roundrect (at -0.75 -1.9375 180) (size 0.25 0.825) (layers F.Cu F.Paste F.Mask) (roundrect_rratio 0.25))
    (pad 24 smd roundrect (at -1.25 -1.9375 180) (size 0.25 0.825) (layers F.Cu F.Paste F.Mask) (roundrect_rratio 0.25))
    (model ${KISYS3DMOD}/Package_DFN_QFN.3dshapes/QFN-24-1EP_4x4mm_P0.5mm_EP2.6x2.6mm.wrl
      (at (xyz 0 0 0))
      (scale (xyz 1 1 1))
      (rotate (xyz 0 0 0))
    )
  )

  (module Capacitor_SMD:C_0805_2012Metric (layer B.Cu) (tedit 5B36C52B) (tstamp 5C74B14A)
    (at 144.4625 91.5185 90)
    (descr "Capacitor SMD 0805 (2012 Metric), square (rectangular) end terminal, IPC_7351 nominal, (Body size source: https://docs.google.com/spreadsheets/d/1BsfQQcO9C6DZCsRaXUlFlo91Tg2WpOkGARC1WS5S8t0/edit?usp=sharing), generated with kicad-footprint-generator")
    (tags capacitor)
    (path /5C692E0B)
    (attr smd)
    (fp_text reference C1 (at 2.5885 0) (layer B.SilkS)
      (effects (font (size 1 1) (thickness 0.15)) (justify mirror))
    )
    (fp_text value 10uF (at 0 -1.65 90) (layer B.Fab)
      (effects (font (size 1 1) (thickness 0.15)) (justify mirror))
    )
    (fp_text user %R (at 0 0 90) (layer B.Fab)
      (effects (font (size 0.5 0.5) (thickness 0.08)) (justify mirror))
    )
    (fp_line (start 1.68 -0.95) (end -1.68 -0.95) (layer B.CrtYd) (width 0.05))
    (fp_line (start 1.68 0.95) (end 1.68 -0.95) (layer B.CrtYd) (width 0.05))
    (fp_line (start -1.68 0.95) (end 1.68 0.95) (layer B.CrtYd) (width 0.05))
    (fp_line (start -1.68 -0.95) (end -1.68 0.95) (layer B.CrtYd) (width 0.05))
    (fp_line (start -0.258578 -0.71) (end 0.258578 -0.71) (layer B.SilkS) (width 0.12))
    (fp_line (start -0.258578 0.71) (end 0.258578 0.71) (layer B.SilkS) (width 0.12))
    (fp_line (start 1 -0.6) (end -1 -0.6) (layer B.Fab) (width 0.1))
    (fp_line (start 1 0.6) (end 1 -0.6) (layer B.Fab) (width 0.1))
    (fp_line (start -1 0.6) (end 1 0.6) (layer B.Fab) (width 0.1))
    (fp_line (start -1 -0.6) (end -1 0.6) (layer B.Fab) (width 0.1))
    (pad 2 smd roundrect (at 0.9375 0 90) (size 0.975 1.4) (layers B.Cu B.Paste B.Mask) (roundrect_rratio 0.25)
      (net 1 GND))
    (pad 1 smd roundrect (at -0.9375 0 90) (size 0.975 1.4) (layers B.Cu B.Paste B.Mask) (roundrect_rratio 0.25)
      (net 2 +3V3))
    (model ${KISYS3DMOD}/Capacitor_SMD.3dshapes/C_0805_2012Metric.wrl
      (at (xyz 0 0 0))
      (scale (xyz 1 1 1))
      (rotate (xyz 0 0 0))
    )
  )

  (module Capacitor_SMD:C_0805_2012Metric (layer B.Cu) (tedit 5B36C52B) (tstamp 5C74B15B)
    (at 142.1765 91.5185 90)
    (descr "Capacitor SMD 0805 (2012 Metric), square (rectangular) end terminal, IPC_7351 nominal, (Body size source: https://docs.google.com/spreadsheets/d/1BsfQQcO9C6DZCsRaXUlFlo91Tg2WpOkGARC1WS5S8t0/edit?usp=sharing), generated with kicad-footprint-generator")
    (tags capacitor)
    (path /5C692DC3)
    (attr smd)
    (fp_text reference C2 (at 2.5885 0) (layer B.SilkS)
      (effects (font (size 1 1) (thickness 0.15)) (justify mirror))
    )
    (fp_text value 0.1uF (at 0 -1.65 90) (layer B.Fab)
      (effects (font (size 1 1) (thickness 0.15)) (justify mirror))
    )
    (fp_line (start -1 -0.6) (end -1 0.6) (layer B.Fab) (width 0.1))
    (fp_line (start -1 0.6) (end 1 0.6) (layer B.Fab) (width 0.1))
    (fp_line (start 1 0.6) (end 1 -0.6) (layer B.Fab) (width 0.1))
    (fp_line (start 1 -0.6) (end -1 -0.6) (layer B.Fab) (width 0.1))
    (fp_line (start -0.258578 0.71) (end 0.258578 0.71) (layer B.SilkS) (width 0.12))
    (fp_line (start -0.258578 -0.71) (end 0.258578 -0.71) (layer B.SilkS) (width 0.12))
    (fp_line (start -1.68 -0.95) (end -1.68 0.95) (layer B.CrtYd) (width 0.05))
    (fp_line (start -1.68 0.95) (end 1.68 0.95) (layer B.CrtYd) (width 0.05))
    (fp_line (start 1.68 0.95) (end 1.68 -0.95) (layer B.CrtYd) (width 0.05))
    (fp_line (start 1.68 -0.95) (end -1.68 -0.95) (layer B.CrtYd) (width 0.05))
    (fp_text user %R (at 0 0 90) (layer B.Fab)
      (effects (font (size 0.5 0.5) (thickness 0.08)) (justify mirror))
    )
    (pad 1 smd roundrect (at -0.9375 0 90) (size 0.975 1.4) (layers B.Cu B.Paste B.Mask) (roundrect_rratio 0.25)
      (net 3 +5V))
    (pad 2 smd roundrect (at 0.9375 0 90) (size 0.975 1.4) (layers B.Cu B.Paste B.Mask) (roundrect_rratio 0.25)
      (net 1 GND))
    (model ${KISYS3DMOD}/Capacitor_SMD.3dshapes/C_0805_2012Metric.wrl
      (at (xyz 0 0 0))
      (scale (xyz 1 1 1))
      (rotate (xyz 0 0 0))
    )
  )

  (module Package_TO_SOT_SMD:SOT-223-3_TabPin2 (layer F.Cu) (tedit 5A02FF57) (tstamp 5C74CAB6)
    (at 144.4625 93.6625 270)
    (descr "module CMS SOT223 4 pins")
    (tags "CMS SOT")
    (path /5C690733)
    (attr smd)
    (fp_text reference U1 (at -5.207 -2.3495) (layer F.SilkS)
      (effects (font (size 1 1) (thickness 0.15)))
    )
    (fp_text value NCP1117-3.3_SOT223 (at 0 4.5 270) (layer F.Fab)
      (effects (font (size 1 1) (thickness 0.15)))
    )
    (fp_text user %R (at 0 0) (layer F.Fab)
      (effects (font (size 0.8 0.8) (thickness 0.12)))
    )
    (fp_line (start 1.91 3.41) (end 1.91 2.15) (layer F.SilkS) (width 0.12))
    (fp_line (start 1.91 -3.41) (end 1.91 -2.15) (layer F.SilkS) (width 0.12))
    (fp_line (start 4.4 -3.6) (end -4.4 -3.6) (layer F.CrtYd) (width 0.05))
    (fp_line (start 4.4 3.6) (end 4.4 -3.6) (layer F.CrtYd) (width 0.05))
    (fp_line (start -4.4 3.6) (end 4.4 3.6) (layer F.CrtYd) (width 0.05))
    (fp_line (start -4.4 -3.6) (end -4.4 3.6) (layer F.CrtYd) (width 0.05))
    (fp_line (start -1.85 -2.35) (end -0.85 -3.35) (layer F.Fab) (width 0.1))
    (fp_line (start -1.85 -2.35) (end -1.85 3.35) (layer F.Fab) (width 0.1))
    (fp_line (start -1.85 3.41) (end 1.91 3.41) (layer F.SilkS) (width 0.12))
    (fp_line (start -0.85 -3.35) (end 1.85 -3.35) (layer F.Fab) (width 0.1))
    (fp_line (start -4.1 -3.41) (end 1.91 -3.41) (layer F.SilkS) (width 0.12))
    (fp_line (start -1.85 3.35) (end 1.85 3.35) (layer F.Fab) (width 0.1))
    (fp_line (start 1.85 -3.35) (end 1.85 3.35) (layer F.Fab) (width 0.1))
    (pad 2 smd rect (at 3.15 0 270) (size 2 3.8) (layers F.Cu F.Paste F.Mask)
      (net 2 +3V3))
    (pad 2 smd rect (at -3.15 0 270) (size 2 1.5) (layers F.Cu F.Paste F.Mask)
      (net 2 +3V3))
    (pad 3 smd rect (at -3.15 2.3 270) (size 2 1.5) (layers F.Cu F.Paste F.Mask)
      (net 3 +5V))
    (pad 1 smd rect (at -3.15 -2.3 270) (size 2 1.5) (layers F.Cu F.Paste F.Mask)
      (net 1 GND))
    (model ${KISYS3DMOD}/Package_TO_SOT_SMD.3dshapes/SOT-223.wrl
      (at (xyz 0 0 0))
      (scale (xyz 1 1 1))
      (rotate (xyz 0 0 0))
    )
  )

  (module LED_SMD:LED_0805_2012Metric (layer F.Cu) (tedit 5B36C52C) (tstamp 5C74D2BF)
    (at 143.114 83.185 180)
    (descr "LED SMD 0805 (2012 Metric), square (rectangular) end terminal, IPC_7351 nominal, (Body size source: https://docs.google.com/spreadsheets/d/1BsfQQcO9C6DZCsRaXUlFlo91Tg2WpOkGARC1WS5S8t0/edit?usp=sharing), generated with kicad-footprint-generator")
    (tags diode)
    (path /5C6979E6)
    (attr smd)
    (fp_text reference D1 (at -2.7455 1.0795 180) (layer F.SilkS)
      (effects (font (size 1 1) (thickness 0.15)))
    )
    (fp_text value LED (at 0 1.65 180) (layer F.Fab)
      (effects (font (size 1 1) (thickness 0.15)))
    )
    (fp_line (start 1 -0.6) (end -0.7 -0.6) (layer F.Fab) (width 0.1))
    (fp_line (start -0.7 -0.6) (end -1 -0.3) (layer F.Fab) (width 0.1))
    (fp_line (start -1 -0.3) (end -1 0.6) (layer F.Fab) (width 0.1))
    (fp_line (start -1 0.6) (end 1 0.6) (layer F.Fab) (width 0.1))
    (fp_line (start 1 0.6) (end 1 -0.6) (layer F.Fab) (width 0.1))
    (fp_line (start 1 -0.96) (end -1.685 -0.96) (layer F.SilkS) (width 0.12))
    (fp_line (start -1.685 -0.96) (end -1.685 0.96) (layer F.SilkS) (width 0.12))
    (fp_line (start -1.685 0.96) (end 1 0.96) (layer F.SilkS) (width 0.12))
    (fp_line (start -1.68 0.95) (end -1.68 -0.95) (layer F.CrtYd) (width 0.05))
    (fp_line (start -1.68 -0.95) (end 1.68 -0.95) (layer F.CrtYd) (width 0.05))
    (fp_line (start 1.68 -0.95) (end 1.68 0.95) (layer F.CrtYd) (width 0.05))
    (fp_line (start 1.68 0.95) (end -1.68 0.95) (layer F.CrtYd) (width 0.05))
    (fp_text user %R (at 0 0 180) (layer F.Fab)
      (effects (font (size 0.5 0.5) (thickness 0.08)))
    )
    (pad 1 smd roundrect (at -0.9375 0 180) (size 0.975 1.4) (layers F.Cu F.Paste F.Mask) (roundrect_rratio 0.25)
      (net 1 GND))
    (pad 2 smd roundrect (at 0.9375 0 180) (size 0.975 1.4) (layers F.Cu F.Paste F.Mask) (roundrect_rratio 0.25)
      (net 11 "Net-(D1-Pad2)"))
    (model ${KISYS3DMOD}/LED_SMD.3dshapes/LED_0805_2012Metric.wrl
      (at (xyz 0 0 0))
      (scale (xyz 1 1 1))
      (rotate (xyz 0 0 0))
    )
  )

  (module Resistor_SMD:R_0805_2012Metric (layer F.Cu) (tedit 5C6C5770) (tstamp 5C74D2D0)
    (at 142.1765 87.01 90)
    (descr "Resistor SMD 0805 (2012 Metric), square (rectangular) end terminal, IPC_7351 nominal, (Body size source: https://docs.google.com/spreadsheets/d/1BsfQQcO9C6DZCsRaXUlFlo91Tg2WpOkGARC1WS5S8t0/edit?usp=sharing), generated with kicad-footprint-generator")
    (tags resistor)
    (path /5C697957)
    (attr smd)
    (fp_text reference R4 (at -0.747 1.7145 270) (layer F.SilkS)
      (effects (font (size 1 1) (thickness 0.15)))
    )
    (fp_text value 1.5k (at 0 1.65 90) (layer F.Fab)
      (effects (font (size 1 1) (thickness 0.15)))
    )
    (fp_line (start -1 0.6) (end -1 -0.6) (layer F.Fab) (width 0.1))
    (fp_line (start -1 -0.6) (end 1 -0.6) (layer F.Fab) (width 0.1))
    (fp_line (start 1 -0.6) (end 1 0.6) (layer F.Fab) (width 0.1))
    (fp_line (start 1 0.6) (end -1 0.6) (layer F.Fab) (width 0.1))
    (fp_line (start -0.258578 -0.71) (end 0.258578 -0.71) (layer F.SilkS) (width 0.12))
    (fp_line (start -0.258578 0.71) (end 0.258578 0.71) (layer F.SilkS) (width 0.12))
    (fp_line (start -1.68 0.95) (end -1.68 -0.95) (layer F.CrtYd) (width 0.05))
    (fp_line (start -1.68 -0.95) (end 1.68 -0.95) (layer F.CrtYd) (width 0.05))
    (fp_line (start 1.68 -0.95) (end 1.68 0.95) (layer F.CrtYd) (width 0.05))
    (fp_line (start 1.68 0.95) (end -1.68 0.95) (layer F.CrtYd) (width 0.05))
    (fp_text user %R (at 0 0 90) (layer F.Fab)
      (effects (font (size 0.5 0.5) (thickness 0.08)))
    )
    (pad 1 smd roundrect (at -0.9375 0 90) (size 0.975 1.4) (layers F.Cu F.Paste F.Mask) (roundrect_rratio 0.25)
      (net 3 +5V))
    (pad 2 smd roundrect (at 0.9375 0 90) (size 0.975 1.4) (layers F.Cu F.Paste F.Mask) (roundrect_rratio 0.25)
      (net 11 "Net-(D1-Pad2)"))
    (model ${KISYS3DMOD}/Resistor_SMD.3dshapes/R_0805_2012Metric.wrl
      (at (xyz 0 0 0))
      (scale (xyz 1 1 1))
      (rotate (xyz 0 0 0))
    )
  )

  (gr_text URX (at 155.4353 94.0054) (layer F.SilkS) (tstamp 5C6C882A)
    (effects (font (size 0.9 0.9) (thickness 0.15)))
  )
  (gr_text UTX (at 157.9753 94.0054) (layer F.SilkS) (tstamp 5C6C68E9)
    (effects (font (size 0.9 0.9) (thickness 0.15)))
  )
  (gr_text GND (at 160.5407 93.98) (layer F.SilkS) (tstamp 5C6C6773)
    (effects (font (size 0.9 0.9) (thickness 0.15)))
  )
  (gr_text MO (at 150.3426 100.1649) (layer F.SilkS) (tstamp 5C6C65FF)
    (effects (font (size 0.9 0.9) (thickness 0.15)))
  )
  (gr_text MI (at 152.9334 100.1649) (layer F.SilkS) (tstamp 5C6C648B)
    (effects (font (size 0.9 0.9) (thickness 0.15)))
  )
  (gr_text CLK (at 155.4734 100.1649) (layer F.SilkS) (tstamp 5C6C619F)
    (effects (font (size 0.9 0.9) (thickness 0.15)))
  )
  (gr_text CTX (at 160.5407 100.1776) (layer F.SilkS) (tstamp 5C6C5DFE)
    (effects (font (size 0.9 0.9) (thickness 0.15)))
  )
  (gr_text CRX (at 157.9499 100.1649) (layer F.SilkS)
    (effects (font (size 0.9 0.9) (thickness 0.15)))
  )
  (gr_text "USB Breakout v1.0\nSpring 2019" (at 152.781 92.7862) (layer B.SilkS)
    (effects (font (size 1 1) (thickness 0.15)) (justify mirror))
  )
  (gr_line (start 162.56 100.9015) (end 162.56 80.645) (layer Edge.Cuts) (width 0.15))
  (gr_line (start 140.0175 100.9015) (end 162.56 100.9015) (layer Edge.Cuts) (width 0.15))
  (gr_line (start 140.0175 80.645) (end 140.0175 100.9015) (layer Edge.Cuts) (width 0.15))
  (gr_line (start 162.56 80.645) (end 140.0175 80.645) (layer Edge.Cuts) (width 0.15))

  (via (at 151.0665 87.757) (size 0.762) (drill 0.381) (layers F.Cu B.Cu) (net 1))
  (segment (start 157.097 85.822) (end 157.097 84.622) (width 0.381) (layer F.Cu) (net 1))
  (via (at 148.1455 87.757) (size 0.762) (drill 0.381) (layers F.Cu B.Cu) (net 1))
  (via (at 148.1455 85.1535) (size 0.762) (drill 0.381) (layers F.Cu B.Cu) (net 1))
  (segment (start 148.1455 87.757) (end 148.1455 85.1535) (width 0.381) (layer F.Cu) (net 1))
  (via (at 146.812 93.7895) (size 0.762) (drill 0.381) (layers F.Cu B.Cu) (net 1))
